##FastQC	0.10.1
>>Basic Statistics	pass
#Measure	Value	
Filename	Trimmed_Partial_SRR2467143.fastq	
File type	Conventional base calls	
Encoding	Sanger / Illumina 1.9	
Total Sequences	5000	
Filtered Sequences	0	
Sequence length	89	
%GC	41	
>>END_MODULE
>>Per base sequence quality	pass
#Base	Mean	Median	Lower Quartile	Upper Quartile	10th Percentile	90th Percentile
1	36.8626	39.0	37.0	39.0	32.0	39.0
2	39.077	40.0	38.0	41.0	36.0	41.0
3	39.0444	40.0	38.0	41.0	36.0	41.0
4	39.1242	40.0	39.0	41.0	36.0	41.0
5	38.964	40.0	38.0	41.0	35.0	41.0
6	38.705	40.0	38.0	41.0	34.0	41.0
7	39.1934	41.0	39.0	41.0	36.0	41.0
8	39.324	41.0	39.0	41.0	36.0	41.0
9	39.0228	40.0	39.0	41.0	35.0	41.0
10-14	39.21136	40.8	39.0	41.0	36.0	41.0
15-19	38.58884	40.0	38.0	41.0	34.0	41.0
20-24	38.745960000000004	40.0	38.0	41.0	34.6	41.0
25-29	38.503319999999995	40.0	38.0	41.0	33.8	41.0
30-34	38.24384	40.0	37.8	41.0	33.2	41.0
35-39	38.47076	40.0	38.0	41.0	33.8	41.0
40-44	38.009159999999994	40.0	37.4	41.0	33.0	41.0
45-49	37.60732	39.4	36.6	41.0	32.8	41.0
50-54	36.84792	38.6	35.4	40.4	31.4	41.0
55-59	35.66271999999999	37.0	34.8	39.4	30.0	41.0
60-64	34.06696	35.2	33.0	37.6	29.0	39.2
65-69	33.42144	34.8	33.2	36.0	28.8	38.4
70-74	32.69452	35.0	33.0	35.4	27.2	36.8
75-79	32.36248	35.0	33.0	35.0	27.0	36.0
80-84	31.924239999999998	35.0	32.6	35.0	26.4	35.2
85-89	30.659879999999998	34.2	31.2	34.8	20.8	35.0
>>END_MODULE
>>Per sequence quality scores	pass
#Quality	Count
2	1.0
3	0.0
4	0.0
5	0.0
6	0.0
7	1.0
8	2.0
9	2.0
10	3.0
11	2.0
12	3.0
13	3.0
14	4.0
15	5.0
16	11.0
17	7.0
18	11.0
19	17.0
20	9.0
21	13.0
22	14.0
23	13.0
24	23.0
25	29.0
26	30.0
27	35.0
28	56.0
29	67.0
30	83.0
31	90.0
32	116.0
33	163.0
34	238.0
35	352.0
36	499.0
37	1053.0
38	1510.0
39	531.0
40	4.0
>>END_MODULE
>>Per base sequence content	warn
#Base	G	A	T	C
1	20.16	26.979999999999997	32.66	20.200000000000003
2	19.16	27.779999999999998	33.06	20.0
3	20.0	27.439999999999998	31.86	20.7
4	21.240000000000002	27.98	31.119999999999997	19.66
5	21.14	27.700000000000003	31.28	19.88
6	20.14	27.939999999999998	31.0	20.919999999999998
7	20.86	29.42	29.42	20.3
8	21.54	28.1	30.3	20.06
9	19.88	28.26	31.04	20.82
10-14	20.83766701336107	28.370269621569726	30.018401472117766	20.773661892951438
15-19	20.408	28.156	30.636000000000003	20.8
20-24	20.181614529162335	28.37827026162093	30.582446595727657	20.857668613489082
25-29	20.472	28.743999999999996	30.328	20.456
30-34	20.390446853622436	28.099371924630955	30.667680121614595	20.842501100132015
35-39	20.52	27.532	30.656	21.292
40-44	21.012	27.816000000000003	30.652	20.52
45-49	20.4	28.18	30.572	20.848
50-54	20.136000000000003	28.252	30.568	21.044
55-59	19.956	28.476000000000003	30.599999999999998	20.968
60-64	20.424	28.483999999999998	30.784	20.308
65-69	20.352	27.500000000000004	31.236000000000004	20.912
70-74	20.452	28.316000000000003	30.587999999999997	20.644000000000002
75-79	20.476	27.764	31.04	20.72
80-84	20.436	27.848	30.503999999999998	21.212
85-89	21.099999999999998	28.848000000000003	29.372	20.68
>>END_MODULE
>>Per base GC content	pass
#Base	%GC
1	40.36
2	39.160000000000004
3	40.699999999999996
4	40.9
5	41.02
6	41.06
7	41.160000000000004
8	41.6
9	40.699999999999996
10-14	41.61132890631251
15-19	41.208
20-24	41.03928314265141
25-29	40.928
30-34	41.23294795375445
35-39	41.812
40-44	41.532000000000004
45-49	41.248000000000005
50-54	41.18
55-59	40.924
60-64	40.732
65-69	41.264
70-74	41.096
75-79	41.196
80-84	41.648
85-89	41.78
>>END_MODULE
>>Per sequence GC content	pass
#GC Content	Count
0	0.0
1	0.0
2	0.0
3	0.0
4	0.0
5	0.5
6	0.5
7	0.0
8	0.0
9	0.0
10	0.0
11	0.5
12	0.5
13	0.0
14	0.5
15	1.5
16	3.0
17	3.5
18	3.0
19	3.5
20	5.0
21	6.0
22	8.5
23	12.5
24	14.0
25	16.0
26	25.0
27	32.0
28	39.0
29	52.0
30	65.5
31	83.5
32	108.0
33	134.0
34	168.0
35	204.5
36	219.0
37	235.0
38	274.5
39	308.0
40	358.5
41	374.5
42	351.0
43	366.5
44	377.0
45	373.0
46	322.5
47	260.0
48	231.5
49	171.0
50	115.5
51	88.0
52	68.5
53	52.5
54	35.0
55	30.0
56	25.5
57	14.0
58	4.5
59	3.5
60	3.5
61	2.0
62	1.0
63	0.5
64	1.0
65	0.5
66	0.0
67	0.0
68	0.0
69	0.0
70	0.0
71	0.0
72	0.0
73	0.0
74	0.0
75	0.0
76	0.0
77	0.0
78	0.0
79	0.0
80	0.0
81	0.0
82	0.0
83	0.0
84	0.0
85	0.0
86	0.0
87	0.0
88	0.0
89	0.0
90	0.0
91	0.0
92	0.0
93	0.0
94	0.0
95	0.0
96	0.0
97	0.0
98	0.0
99	0.0
100	0.0
>>END_MODULE
>>Per base N content	pass
#Base	N-Count
1	0.0
2	0.0
3	0.0
4	0.0
5	0.0
6	0.0
7	0.0
8	0.0
9	0.0
10-14	0.008
15-19	0.0
20-24	0.008
25-29	0.0
30-34	0.012
35-39	0.0
40-44	0.0
45-49	0.0
50-54	0.0
55-59	0.0
60-64	0.0
65-69	0.0
70-74	0.0
75-79	0.0
80-84	0.0
85-89	0.0
>>END_MODULE
>>Sequence Length Distribution	pass
#Length	Count
89	5000.0
>>END_MODULE
>>Sequence Duplication Levels	pass
#Total Duplicate Percentage	4.0
#Duplication Level	Relative count
1	100.0
2	1.7708333333333333
3	0.125
4	0.0625
5	0.0
6	0.0
7	0.0
8	0.0
9	0.0
10++	0.0
>>END_MODULE
>>Overrepresented sequences	pass
>>END_MODULE
>>Kmer Content	fail
#Sequence	Count	Obs/Exp Overall	Obs/Exp Max	Max Obs/Exp Position
GCAGC	720	3.3678412	11.925666	5
CAGCA	980	3.3138363	7.184347	85
AGCAG	940	3.2283201	5.843264	9
TCTTC	1645	3.1223187	5.64575	2
CACCA	900	2.9964278	5.6589203	5
ACCAG	870	2.9418752	5.4601035	80-84
CTTGG	1005	2.915827	6.1642184	7
CACCG	570	2.6251268	11.741917	3
TCACC	825	2.5245776	9.102173	4
CAAAG	980	2.4331036	5.2749314	1
CAGCG	520	2.43233	5.962833	85
TCAGC	775	2.408686	6.603296	2
CTTGA	1130	2.3700635	5.3474293	1
TTGGA	1110	2.3645487	5.431113	7
CCAGC	505	2.32577	5.8709574	85
CCTTG	810	2.3138592	7.290377	9
CCACC	505	2.2899349	5.3951316	55-59
TGGCA	710	2.2411997	5.3706765	9
CCAAG	640	2.1641378	5.747477	7
GGCAG	440	2.0903335	6.0622096	9
GCCAA	605	2.045787	7.184347	6
GTTGG	685	2.0185058	5.0085464	85
AGCCA	590	1.9950647	5.7532306	8
GGAAG	570	1.9882331	5.928771	85
AGAAG	760	1.916425	6.4289756	85
CCAAC	575	1.914384	5.664584	9
GAAGA	720	1.8155606	7.500471	85
ACCCA	545	1.8145036	5.6589203	3
CAGCC	390	1.7961395	7.8279443	4
ATACC	795	1.7862058	5.728328	7
CTCTT	935	1.7746916	5.6457496	6
AGCGG	370	1.7577803	6.0561466	2
TGGGT	590	1.7385671	6.260683	2
GCCTT	605	1.7282532	6.075315	8
ACCGA	510	1.7245475	7.184347	85
AGTGG	535	1.7152197	8.182085	9
ACCGT	545	1.6938503	7.923956	4
TTGGG	565	1.664899	6.260683	4
GACAA	665	1.6510347	6.3362546	8
TGATG	740	1.5763657	5.436549	8
CAGCT	505	1.569531	5.282637	3
CGGCA	325	1.5202062	5.968802	8
GGAAC	435	1.4939566	5.843264	9
CTGGG	340	1.4846199	7.421789	5
GCGGC	225	1.4558474	8.248345	3
GGTAG	445	1.426678	9.53622	7
GGTTG	480	1.4144274	5.0135603	8
CCATC	455	1.3923427	5.201241	1
TAGCA	600	1.3691761	5.823796	8
GTTGT	685	1.3411871	6.6558123	4
AAGAC	540	1.3406898	5.2749314	3
CGACA	395	1.3356789	5.7474775	7
CGGAA	385	1.3222375	7.2967763	85
CTTGC	460	1.3140438	6.0692396	2
TTCAC	615	1.270027	5.265036	3
CGGTA	400	1.2626477	5.365306	6
GTGGC	280	1.2226281	7.421789	3
GCTCT	410	1.1712129	6.0692396	5
ATAGC	490	1.1181604	5.817971	7
AACCC	335	1.1153369	5.65892	2
GGCCA	230	1.0758384	5.962834	6
GGGTT	365	1.0755544	5.008547	3
GGATG	335	1.074016	5.4492683	85
TGACG	340	1.0732507	5.365306	85
CCCAT	340	1.040432	6.5015526	4
AAACG	400	0.9931035	5.2749314	6
GGGTC	220	0.96063656	5.5663424	7
GGGGC	140	0.9200366	5.584951	7
CCGGA	190	0.8887359	5.968802	8
GGCGT	190	0.8296406	5.5663424	5
GATCG	250	0.7891548	5.365306	85
CGGCC	110	0.700781	5.41417	4
GGTGC	155	0.676812	5.571914	8
GGCTC	155	0.6663837	5.480576	4
TCGGC	140	0.6018949	7.307434	7
TGCCG	120	0.51590997	5.480576	6
GGTCG	110	0.4803182	5.566342	4
>>END_MODULE
